100
918
9588
75
243
9871
90
904
9230
52
1622
2078
5261
910
9200
93
319
9679
2
8169
9370
7088
179
261
48
2014
4303
5245
619
9692
61
30
9867
1
791
9168
54
3221
6201
6415
5849
7727
6727
844
9446
41
8641
8848
1813
5640
5839
948
12
9857
7
669
9364
62
4096
6313
8802
6028
8151
4776
154
310
23
1631
4846
51
20
9856
5
142
451
73
544
9596
65
252
9503
53
3441
7683
8279
6401
7985
66
1797
5748
6287
538
6247
6162
1736
5901
6102
5391
5391
5391
762
9021
78
94
9798
1664
237
9913
41
152
9399
8
1440
8731
90
5515
6496
2864
7421
7981
70
3568
9876
2931
8415
8742
9311
821
3754
7418
848
5466
4984
2098
6199
4182
453
9072
33
529
9223
27
24
9952
8
1190
6234
29
15
9995
3
11
9962
4
100
374
3
2943
9229
7105
339
454
79
17
9998
2
4558
8793
1999
21
9919
6
948
9026
38
5958
9151
3839
962
9244
36
6788
9884
6092
302
9263
39
3
9882
10
439
9704
32
712
9518
73
5011
7903
3056
471
9730
51
314
9587
29
9980
9980
9980
766
9470
84
960
9691
10
343
358
7
735
9339
75
117
330
62
6031
9324
8491
790
9390
98
1415
7992
4616
440
615
88
8592
8911
6545
16
9956
9
659
9769
22
275
9041
23
524
9429
57
368
9301
73
7287
9279
4655
1717
4914
39
4818
5478
66
441
9887
51
897
9488
13
308
9860
58
6081
6437
6990
296
9619
74
9652
9652
9652
450
9225
34
6029
8260
10
177
9601
85
262
9133
28
513
9716
23
910
9605
98
35
49
74